[  0   0 120 119   0  29  26   0  27  29   0  10   7  19  10  29 445 251
 153 316  11 137 350   8 492 301 437 423 443 328 600 418 470 398   0   0
   0 281 346 199 254 355 300  61 120  66  17   0   0 124 115  33   0 141
  40   7 219 198 465 363 309 186  27   0 279  14  88 246 128 244  78  37
  21  85 215 200   0   0  96  28  93   0  73 114  49  36 280  25 228 136
 233 130   0 116   0  79  74  73 119 144  80   5 115 212 147   0   0  81
  14 153   0   2  95 125 228  77  17   6  33 111   0   0   0   0   0   0
   0   0   0   0   0   0  45  86  62  35   0   0  92 246  54   0  34   0
  22 232   0   0   0   0   0   0   0   1   1   0   0   0   0   0   0   0
 632 219   0 464  58  77   0   0   8   0   0   0  19   7   0   0   0   0
   0   0   0   0   0   0   0   0   0   0   0   0   0   0   0   0   0 216
 173 201 146   0  14   0   0   0   0   0   0   1  13 144  89 363   0   1
  93  81   7   0  11 114 165 285   0   8  13  62 215 162 401  31   0   0
   0   0   0   0   0   1   1 170 122   2   0   1   2  53 133 150] [147299159      1373    720512]

[  0   0 120 119   0  29  26   0  27  29   0  10   7  19  10  29 445 251
 153 316  11 137 350   8 492 301 437 543 112 291 609 621 511  27   0   0
   0 319 110  18 183 296  75  86 207 225 179   0   0  52  77  93   0  23
 119  30 342 255  63 182 354 346 189   0 110  54 342 163 283 192  69  66
  43 107  47  20   0   0  89 107  12   0  40  53  10 193  75 190 206 333
 208 171   0  78   0  99  62  50 161  90  99  75  51 178 157   0   0 152
   3  18   0 115  39  59 245 119   5  35  41  42   0   0   0   1   0   0
   0   0   0   0   0   0  17 215 334 234   0   0 112  24  78   0  48   0
  73 270   0   0   0   0   0   0   0   3   0   0   0   0   0   0   0   0
 268  93   0 143  50 189   0   0 311   0   0   0  20  21   0   0   0   0
   0   0   0   0   0   0   0   0   0   0   0   0   0   0   0   0   0 139
  44 195 214   0 368   0   0   0   0   0   0   2  16  36  33  14   0   0
  32  87  66   0   6   1   1 372   0  14   9 153 154 363 658  23   0   0
   0   0   0   0   0   2   1  46 231 189   0   1   2  41 233 202] [143585776      1337    724588]

[  0   0 120 119   0  29  26   7   9   8   0   8  29   1  15  22 492  83
 147 163  51 260 175 217  28 438 534 121 432 462  93 105 409 166   0   0
   0 113 464 290 365 214  84  63 181 189  80   0   0  13  61 120   0 111
 104 150 136 429 218 297 125 255  76   0 150   8 253 183 239 141 158 165
  26 201  57 189   0   0  20  50 152   0  97 118  76  88 224   2 194 237
 163 110   0  21   0  50  59  21  38 100 137  18  32  62 126   0   0 120
  67  28   0 144  47 150 282 124  14  94  62  97   0   0   0   0   0   0
   0   0   0   0   0   0  58  53  67  50   0   0 144 199  50   0  76   0
  21 259   0   0   0   0   0   0   0   0   0   0   0   0   0   0   0   0
 389 382   0 169 179 364   0   0 287   0   0   0  12  18   0   0   0   0
   0   0   0   0   0   0   0   0   0   0   0   0   0   0   0   0   0 347
 375 473 379   0 244   0   0   0   0   0   0   5  15  10 105 348   0   0
  58 114  51   0  13 121 155 430   0   2  12  53  48 217 579  25   0   0
   0   0   0   0   0   1   1   1   1 405   0   1   1 153 273 198] [131517278      1220    767726]

[  0   0 121  72   0   7  17  27  26  17   0   7  10   7   0   5 245 324
 519   0 250  24 284  65 476 440 233 385 316 245  50 468 580 321   0   0
   0 188  90 444 263 241  31  72  54 233 104   0   0 105  43  26   0 101
  81 127 329 457 522 199 290 318 243   0 182   3 303 208 272 229 192 289
  38  21 103  15   0   0  90 112  22   0 139  95  30 317  81 205 157  95
 280 135   0 147   0 143  20  57  35 100  80  68  75 195   3   0   0 101
  98 109   0 148  94 141 297 111 119  88 150  75   0   0   0   0   0   0
   0   0   0   0   0   0  38 232 131  95   0   0  75 262 140   0  41   0
  23  33   0   0   0   0   0   0   0   4   0   0   0   0   0   0   0   0
 283 337   0 302 228 289   0   0 161   0   0   0   1   9   0   0   0   0
   0   0   0   0   0   0   0   0   0   0   0   0   0   0   0   0   0  69
 389 245 282   0 183   0   0   0   0   0   0   6   6 107 325 354   0   1
 145 140 176   0   1   2 260 141   0   6  16  20 262  49 449  13   0   0
   0   0   0   0   0   1   2  65 320 375   0   0   0 108  68 154] [167722770      1571    679850]

[  0   0 140  10   0   7  10  22  25   7   0  18  11   7   0  24 222 543
 469  71 462 100 360 555 338 438 349 190  20  53 591 216 398 631   0   0
   0  82 328 354  63  57 267  82 109  93 216   0   0 141   0  60   0 101
  81 127 329 457 522 199 290 318 243   0 288   3 303 208 272 229 192 289
  38  21 103  15   0   0  90   2  22   0 139  95  30 317  81 205 157  95
 280 135   0 147   0 143  20  57  35 100  80  68  75  77   3   0   0 101
  98 109   0 148  94 141 297 111 119  88 150  75   1   0   0   0   0   0
   0   0   0   0   0   0  38  32 161  78   0   0  67 248 143   0  88   0
  92 306   0   0   0   0   0   0   0   4   0   0   0   0   0   0   0   0
 295 213   0 268 287 353   0   0 414   0   0   0   2   7   0   0   0   0
   0   0   0   0   0   0   0   0   0   0   0   0   0   0   0   0   0 459
  88 266 152   0  10   0   0   0   0   0   0  16  13 153 141 224   0   1
  17 181 145   0  14  63 247 209   0   9  10  69  51 136 561  16   0   0
   0   0   0   0   0   1   2 103  68 234   0   2   2 156 162 165] [280568378      2665    662678]

[  0   0 153 579   0  11  26  16  10  20   0  17  18  17  20   3 434 157
 253  81 192 154 136  32 461  39  48 459 597  95  75  27  43 207   0   0
   0 434 161  91 375  88 269  37 116 108  89   0   0   6  60  35   0  92
 102  93 126 215 211 393 499 333  61   0  34  16 189 257 142 107 117  45
   1  20 124 178   0   0 154  67  33   0 138  21 132 397 148 283  64 109
  75  21   0  27   0 129  72  35 138 157  64  50 123 113  23   0   0  55
   5 118   0 154 148 143 245  32  52  26  21 160   1   0   0   1   0   0
   0   0   0   0   0   0  18  85 337  96   0   0  11 157  75   0 125   0
  34  77   0   0   0   0   0   0   0   1   0   0   0   0   0   0   0   0
  26  53   0 318  54 431   0   0  36   0   0   0   3   4   0   0   0   0
   0   0   0   0   0   0   0   0   0   0   0   0   0   0   0   0   0 367
 314 386 151   0 181   0   0   0   0   0   0  10  10  10 306 116   0   0
  41 117 132   0   5  78 168 386   0   9  11  44 191  48 535  19   0   0
   0   0   0   0   0   2   1 146  79  22   0   2   1 120 104 210] [123884212      1146    954024]

[  0   0 227 477   0   9   3   6  29   4   0  23  14  24  17  13 155 409
  46  53  49 334 108   9 299 169 536 255  99  78 543 258 420 366   0   0
   0 513 219 279 375  33  75  20 139  53 217   0   0 147 113  12   0 125
  79   2 385 189 302 374 341 500  65   0 204  60  84 187 101 173 108 166
  24 127  29 205   0   0  45  51  40   0  49  57  26 381 188  40 211 267
 215 132   0  40   0 115  18  73 149  51 116  12 175 140 160   0   0  94
  84 149   0 122  13  67 378  26  44  69  65 160   0   0   0   1   0   0
   0   0   0   0   0   0  32 124  81 144   0   0 155 292  29   0  33   0
  61  74   0   0   0   0   0   0   0   4   1   0   0   0   0   0   0   0
 508 295   0 118  54  83   0   0   2   0   0   0   4  10   0   0   0   0
   0   0   0   0   0   0   0   0   0   0   0   0   0   0   0   0   0  51
 476 286 353   0 120   0   0   0   0   0   0  10   3 157 157 153   0   1
 106 114 453   0   7 131  53 253   0  15   6   8 329 412 220  31   0   0
   0   0   0   0   0   0   0 134  88   3   0   1   1 153 350 344] [129970035      1205    774130]

[  0   0 227 477   0   9   3   6  29   4   0  23  14  24  17  13 155 409
  46  53  49 334 108 278 299 169 536 255  99  78 543 258  32 366   0   0
   0 513 219 279 375  33  75  20 139  53  13   0   0  87  25  44   0  51
  44 148 223 488 430  61 223   5 337   0   8  70 184 307 100 181 147 153
  74 100  26 159   0   0  74  26  85   0  70  97   7 311  22  47   8  13
  82 158   0 133   0 100  89  43  29  87 127  17 184 165 110   0   0 122
 143 106   0  15  25  30 407   6  48   5  60 131   1   0   0   0   0   0
   0   0   0   0   0   0  67  47 122 174   0   0 145 127 122   0  29   0
 154 153   0   0   0   0   0   0   0   4   0   0   0   0   0   0   0   0
 411   3   0 404 214 457   0   0 123   0   0   0  21  18   0   0   0   0
   0   0   0   0   0   0   0   0   0   0   0   0   0   0   0   0   0   3
 408  18 131   0 285   0   0   0   0   0   0   5   4 138 311 293   0   1
   9 140 340   0   5  51 252 505   0  13  14 163  17 298 609   1   0   0
   0   0   0   0   0   2   1   6 256 393   0   2   2  70 262  77] [151837740      1417    691506]

[  0   0 227 477   0   9   3   6  29   4   0  23  14  24  17  13 155 409
  46  53  49 334 108 278 299 169 536 255  99  78 543 258  32 366   0   0
   0 513 219 279 375  33  75  20 139  53 217   0   0 147 113  12   0 125
  79   2 385 189 302 374 341 500  65   0 204  60  84 187 101 173 108 166
  24 127  29 205   0   0 122  51  40   0  49  57  26 381  81 205 157  95
 280 135   0 147   0 143  20  57  35 100  80  68  75  77   3   0   0 101
  98 109   0 148  94 141 297 111 119  88 150  75   0   0   0   0   0   0
   0   0   0   0   0   0  38 232 101  95   0   0  75 262 140   0  41   0
  23  33   0   0   0   0   0   0   0   3   1   0   0   0   0   0   0   0
 669  72   0 282 127 411   0   0 212   0   0   0  18   3   0   0   0   0
   0   0   0   0   0   0   0   0   0   0   0   0   0   0   0   0   0 145
 456  99 374   0 100   0   0   0   0   0   0   4  12  81  53 150   0   0
 135 197 340   0   0  89 245 358   0   1  15   3  78 150 471  15   0   0
   0   0   0   0   0   1   0 107 315 318   0   0   1   0  97 349] [148227505      1382    711916]

[  0   0 265  35   0   4  29   0  19  23   0  20  23  17  15  11 318 451
  57 263 108  92  14 286 329  17 378 259 202 392  77 105  50 373   0   0
   0 462 444 268 497 145 228  34  79   9 164   0   0   0  26   8   0  97
  37  18  21 240   2 155 467 153 245   0 316  37  45 186 180 171 112 148
  22  55  17 115   0   0  32  79  86   0  98  36  47 350   6 240 136  39
  55  35   0 147   0 157  63   4  69 140 139  61  70  50 213   0   0  40
 125 153   0  12 135 146  13 119  13  99  52  82   0   0   0   0   0   0
   0   0   0   0   0   0   2  32 161  78   0   0  67 248 143   0  88   0
  92 306   0   0   0   0   0   0   0   4   1   0   0   0   0   0   0   0
  78 262   0 146 179  34   0   0 264   0   0   0  20  15   0   0   0   0
   0   0   0   0   0   0   0   0   0   0   0   0   0   0   0   0   0  69
 389 245 282   0 183   0   0   0   0   0   0   6   6 107 315 354   0   1
  19 140 176   0   1   2 260 141   0   6  16  20 262  49 449  13   0   0
   0   0   0   0   0   0   1 132   7 111   0   0   2  99 323 246] [167413322      1568    685220]

[  0   0 266 157   0   9  28   0  10   5   0   3  14  14  21  27 139 101
 128  53 268  11 144 135 236 123 628 563 324  81 303 306 583 389   0   0
   0 344 108 316 447 163 388  20 111 173  53   0   0  12 123 135   0  88
  84  63 219 198 102 363 309 186  27   0 320  55 253 183 239 141 158 165
  26 201  57 189   0   0  20  50 152   0  97 118  76  88 224 127 211 267
 215 132   0  40   0 115  18  73 125  51 129  12 126  27 154   0   0   3
 136  19   0  84 104 156 156  11  10  52  62 131   0   0   0   0   0   0
   0   0   0   0   0   0  13 116  13 179   0   0  32 266  38   0  71   0
 118 192   0   0   0   0   0   0   0   0   0   0   0   0   0   0   0   0
 334  21   0 268 287 353   0   0 414   0   0   0   2   7   0   0   0   0
   0   0   0   0   0   0   0   0   0   0   0   0   0   0   0   0   0 459
  88 266 152   0  10   0   0   0   0   0   0  16  13 153 141 224   0   1
  17 181 145   0  14  63 247 209   0   9  10  69  51 136 561  16   0   0
   0   0   0   0   0   1   2 103  68 234   0   2   2 156 162 165] [143998374      1341    724246]

[  0   0 269  35   0   4  29   0  19  23   0  20  23  17  15  11 318 451
  57 263 108  92  14 286 329  17 378 259 202 392  77 105  50 373   0   0
   0 462 444 268 497 145 228  34  79   9 164   0   0   0  52   8   0   4
  37  18  21 240   2 155 467 153 245   0  46  44 281 200 117 299  54 172
   5  50  70 173   0   0  60  60  28   0  70 114 128  69  75 126 191 304
 301 158   0 115   0  37  48   9  96 150 164  65  40 115  61   0   0  31
 101 137   0  43 151 137 108  40  54   7  49  57   0   0   0   1   0   0
   0   0   0   0   0   0  35 188 338   2   0   0 132 102 126   0 156   0
  37  29   0   0   0   0   0   0   0   4   0   0   0   0   0   0   0   0
 540 236   0  39 126 366   0   0 230   0   0   0   1  14   0   0   0   0
   0   0   0   0   0   0   0   0   0   0   0   0   0   0   0   0   0 230
 210 248 313   0 339   0   0   0   0   0   0  14  16 166 293  33   0   0
 141 279 451   0   6   8 100  36   0  14  14 151 132 264 227   1   0   0
   0   0   0   0   0   0   0  25 143  88   0   1   2 173 262 205] [151218842      1411    711398]

[  0   0 291 257   0   9  16   1  25   2   0  29   3   4   9  11 195  70
 147 163  51 260 175 217  28 438 534 121 432 462  93 105 423 166   0   0
   0 113 439 290 365 214  84  63 181 189  80   0   0  13  61 120   0 111
 104 150 136 429 218 297 125 255  76   0 150   8 153 153 237 257 143  34
  73 158  17  81   0   0  23   9  77   0  34 118  19 146 148  69  77 101
 314  55   0  94   0 114  38 134  39   5  97  44  74 169 233   0   0 129
  48  92   0 142  22  55 271  66  44  83  41  68   0   0   0   1   0   0
   0   0   0   0   0   0  41  19 185 185   0   0 136 258  35   0 150   0
  43 192   0   0   0   0   0   0   0   3   1   0   0   0   0   0   0   0
 481 310   0 418 285  32   0   0 396   0   0   0  15   4   0   0   0   0
   0   0   0   0   0   0   0   0   0   0   0   0   0   0   0   0   0 358
 178 477 376   0  83   0   0   0   0   0   0   6  16 148 235  89   0   0
 132 236 464   0  10  39  95 328   0  15   6 143 133 222 128  28   0   0
   0   0   0   0   0   0   2  40 232 289   0   2   0 132 125 404] [128216493      1188    803524]

[  0   0 417  21   0  21   4   6  16  20   0  21  12  11  14  20 129  49
 436 144 251 203 156 263   7 274 344 343 286 469 197 534 345 262   0   0
   0 276 128 431 199 299 237  32  61 154 140   0   0  70  82  37   0 106
  77  50 100  10 468  35 495 357 332   0 318  38 179 152 170 270 246 250
  75 147 107 125   0   0  91  23 154   0  22 102  89 419   2  92  94 327
  30  28   0 129   0   0  27  58 139 164  21  30 166  21  33   0   0  13
  26  25   0  95  70 130  24  92  28  14  16  40   0   0   0   1   0   0
   0   0   0   0   0   0  61  15 367  62   0   0 148 207   0   0 130   0
  69 189   0   0   0   0   0   0   0   3   1   0   0   0   0   0   0   0
 255 127   0  98  32 260   0   0 306   0   0   0   9   1   0   0   0   0
   0   0   0   0   0   0   0   0   0   0   0   0   0   0   0   0   0   1
  28  27 319   0  22   0   0   0   0   0   0  16   8  49 119 393   0   1
  24 302 388   0  12 124 192 482   0   7   9  81  84 303 194  31   0   0
   0   0   0   0   0   2   0  58 320 525   0   1   1 144 104   3] [176903080      1660    667422]

[  0   0 417  21   0  21   4   6  16  20   0  21  12  11  14  20 129  49
 436 144 251 203 156 263   7 274 344 343 286 469 197 534 345 262   0   0
   0 276 128 431 199 299 237  32 137 136 109   0   0  65 113 100   0 141
  43  85 145 218 182 273  98  19 279   0 280  37  84  62  25 111   4  22
  51 214  34 138   0   0  75  56  61   0 136 104 113 343  22 145   6 324
  58 126   0 140   0  17  14  77 118 103  51  25  77  15 115   0   0  36
 155  37   0  95  25  30 407   6  48   5  60 131   1   0   0   0   0   0
   0   0   0   0   0   0  67  47 122 174   0   0 145 127 122   0  29   0
 154 153   0   0   0   0   0   0   0   4   0   0   0   0   0   0   0   0
 411   3   0 404 214 457   0   0 123   0   0   0   2  18   0   0   0   0
   0   0   0   0   0   0   0   0   0   0   0   0   0   0   0   0   0   3
 408  18 131   0 285   0   0   0   0   0   0   5   4 138 311 293   0   1
   9 140 340   0   5  51 252 505   0  13  14 163  17 298 609   1   0   0
   0   0   0   0   0   2   1   6 256 393   0   2   2  70 262  77] [171436154      1607    674958]

[  0   0 545 103   0  18  17   5  16  27   0   4  12  19   7  30 492  83
 147 163  51 260 175 217  28 438 534 121 432 462  93 105 423 166   0   0
   0 113 439 290 365 214  84  63 181 189  80   0   0  13  61 120   0 111
 104 150 136 429 218 297 125 255  76   0 150   8 153 153 237 257 143  34
  73 158  17  81   0   0  23   9  77   0  34 118  19 146 148  69  77 101
 314  55   0  94   0   0  27  58 139 164  21  30 166  21  33   0   0  13
  26  25   0  12 135 146  13 119  13  99  52  82   0   0   0   0   0   0
   0   0   0   0   0   0   2  32 161  78   0   0  67 248 143   0  88   0
  92 306   0   0   0   0   0   0   0   4   1   0   0   0   0   0   0   0
  78 262   0 146 179  34   0   0 264   0   0   0  20  15   0   0   0   0
   0   0   0   0   0   0   0   0   0   0   0   0   0   0   0   0   0 440
 414 170 200   0 187   0   0   0   0   0   0   3   5 163 224 426   0   1
 141 263 243   0   7  69  71 181   0  14  13  55 338 307 580  21   0   0
   0   0   0   0   0   1   2  49  21 440   0   1   1 165  12 414] [129557437      1201    774336]

[  0   0 545 103   0  18  17   5  16  27   0   4  12  19   7  30 492  83
 147 163  51 260 175 217  28 438 534 121 432 462  93 105 423 166   0   0
   0 113 439 290 365 214  84  63 181 189  80   0   0  13  61 120   0 111
 104 150 136 429 218 297 125 255  76   0 150   8 153 200 117 303  56 228
  12 172 214  32   0   0 120  79  36   0  84 122  80   2 253 198 243 284
  77 155   0  92   0  10  39   7  88   8  83  90 212 163  12   0   0  91
 107 104   0  86 131   3 314  12  54   6  19 149   0   0   0   1   0   0
   0   0   0   0   0   0   7  25 355  74   0   0   7  34 118   0  79   0
 129 371   0   0   0   0   0   0   0   3   1   0   0   0   0   0   0   0
 669  72   0 282 127 411   0   0 212   0   0   0  18   3   0   0   0   0
   0   0   0   0   0   0   0   0   0   0   0   0   0   0   0   0   0 477
 430 465 145   0 262   0   0   0   0   0   0   0   7  36 126 388   0   1
 121  54 194   0   1  47  24 303   0  14  16  27  64 339 252  14   0   0
   0   0   0   0   0   2   2   6 189 261   0   1   2 152 210 200] [132858223      1233    745578]

[  0   0 545 103   0  18  17   5  16  27   0   4  12  19   7  30 492  83
 147 163 148 256 119  45 124 106  43 562 244 489 105 167 448 349   0   0
   0 369  28 288 147 124  32  30 193 217 216   0   0 129  23 109   0  13
  31   0  53 298  19 315 114  63  97   0  34  80  85  42 140  43 165 156
  89  48  35 151   0   0 152  75 125   0  48   8  31 258 291  19 139 296
 331  73   0  26   0 101  75  38 125  72 141  15  33  49 125   0   0  84
 149 102   0 147 109 140   3   9  98  97 147  39   1   0   0   1   0   0
   0   0   0   0   0   0  89  89 137 187   0   0  65 228  24   0  92   0
  98 227   0   0   0   0   0   0   0   2   0   0   0   0   0   0   0   0
 611 273   0 396   3  68   0   0  74   0   0   0   7   7   0   0   0   0
   0   0   0   0   0   0   0   0   0   0   0   0   0   0   0   0   0 324
  78 109 344   0 138   0   0   0   0   0   0   9   7   4 104 309   0   1
  15 120 240   0   4  17 344 463   0   7  15  24 142 493 215  26   0   0
   0   0   0   0   0   0   1 161 331 180   0   0   1  96 215 296] [124399959      1151    895374]

[  0   0 607 194   0  14  14  11   9  28   0   7  26   7  20  10   9 582
  92  10 169 120  34 323 223 222 329 266 564 454 382 554 179 645   0   0
   0 219 209 354 450 102 376  64 146  24 147   0   0  87  25  44   0  51
  44 148 223 488 430  61 223   5 337   0   8  70 184 307 100 181 147 153
  74 100  26 159   0   0  74  26  85   0  70  69   7 311  22  47   8  13
  18 174   0 133   0 100  89  43  29  87 127  17 184 165 110   0   0 122
 143 106   0  15  25  30 407   6  48   5  60 131   1   0   0   0   0   0
   0   0   0   0   0   0  67  47 122 174   0   0 145 127 122   0  29   0
 154 153   0   0   0   0   0   0   0   4   0   0   0   0   0   0   0   0
 255 127   0  98  32 260   0   0 306   0   0   0   9   1   0   0   0   0
   0   0   0   0   0   0   0   0   0   0   0   0   0   0   0   0   0   1
  28  27 174   0 347   0   0   0   0   0   0   0  16  67  11 201   0   1
  48  64 437   0   9 142 304 359   0  16  10  47 298 369 256  15   0   0
   0   0   0   0   0   0   0 129   3 493   0   0   0 167 114 349] [153694432      1435    685630]

[  0   0 607 194   0  14  14  11   9  28   0   7  26   7  20  10   9 582
  92  10 169 120  34 323 223 222 329 266 564 454 382 554 179 645   0   0
   0 219 209 354 450 102 376  64 224  46  45   0   0 131  70  77   0  32
 105   9 278 213   1 281   2 196 372   0 215  85 232 305 282  63 286 116
   8 105 193  21   0   0 104  34  88   0 146 102  89 419   2  92  94 327
  30  28   0 129   0   0  27  58 139 164  21  30 166  21  33   0   0  13
  26  25   0  12 135 146  13 119  13  99  52  82   0   0   0   0   0   0
   0   0   0   0   0   0   2  32 161  78   0   0  67 248 143   0  88   0
  92 306   0   0   0   0   0   0   0   4   1   0   0   0   0   0   0   0
  78 262   0 146 179  34   0   0 264   0   0   0  20  15   0   0   0   0
   0   0   0   0   0   0   0   0   0   0   0   0   0   0   0   0   0 324
  78 109 344   0 138   0   0   0   0   0   0   9   7   4 104 309   0   1
  15 120 240   0   4  17 344 463   0   7  15  24 142 493 215  26   0   0
   0   0   0   0   0   0   0  25 143  57   0   1   2 173 262 205] [184226698      1731    663588]

[  0   0 650 232   0  10  19  18  16  23   0  11  10   5   9  11 290 131
 340  13 145   1 254 498 502 187 277 331 321 601 127 160 148 415   0   0
   0   6  42 103 485 472 525  38 137 136 109   0   0  65 113 100   0 141
  43  85 145 218 182 273  98  19 279   0 280  37 137 119  39 320   7 237
  49  23 166  32   0   0  31  52 101   0  96  19  34 375  69 240  29 183
 349 145   0  85   0 163  22  40   0 109  77  75 134 206 127   0   0  45
  14  22   0  99 153  50 192   6  66   5   0  64   0   0   0   1   0   0
   0   0   0   0   0   0  58 120  44  63   0   0  88 211  28   0  90   0
 148 331   0   0   0   0   0   0   0   2   1   0   0   0   0   0   0   0
 638 380   0 349 119 468   0   0 284   0   0   0  13  19   0   0   0   0
   0   0   0   0   0   0   0   0   0   0   0   0   0   0   0   0   0  97
 186  17 346   0 269   0   0   0   0   0   0  10  10 156 278 312   0   1
  25  82 376   0   4 161  86 368   0  15  15  77 219  62 509  12   0   0
   0   0   0   0   0   2   0 114 331 487   0   2   2  19  26 130] [173292846      1625    671052]